place(8.625,0.970,-17.282,"Military Base",0)
upgrade(8.625,1.832,-17.282,1,0)
upgrade(8.625,1.832,-17.282,1,0)
upgrade(8.625,1.832,-17.282,1,0)
upgrade(8.625,1.832,-17.282,1,0)
upgrade(8.625,1.832,-17.282,1,0)
Ability1(8.625,1.832,-17.282,1,15.027,1.125,-25.433,147.56661665439606,"Airstrike",0/00'00)
place(9.008,0.970,-12.553,"Hacker",0)
upgrade(9.008,2.373,-12.553,1,0)
upgrade(9.008,2.373,-12.553,1,0)
upgrade(9.008,2.373,-12.553,1,0)
upgrade(9.008,2.373,-12.553,1,0)
upgrade(9.008,2.373,-12.553,2,0)
Ability3(9.008,2.373,-12.553,8.625,1.832,-17.282,15.773,0.970,-16.398,"Hologram Tower",0/00'00)
sell(9.008,2.373,-12.553)
sell(8.625,1.832,-17.282)
